3336 256
2200 128
920 64
6640 512
4872 512
4208 256
3608 256
1500 128
732 64
1212 128
1752 128
1800 128
3148 256
1700 128
3136 256
1608 128
1904 128
1568 128
2336 256
1732 128
2032 256
1848 128
2328 128
1756 128
3192 256
1764 128
3188 256
3380 256
3580 256
5684 512
2332 256
1384 128
1628 128
3432 256
1148 64
2944 256
2220 128
1900 128
1608 128
3620 256
1660 128
904 64
2368 128
3864 256
3240 256
1824 128
2228 128
820 64
4008 256
1656 128
2240 128
2036 128
3892 256
4052 256
3328 256
4300 256
4200 256
4348 256
5916 512
2960 256
2852 256
1064 64
3396 256
1668 128
2940 256
1476 128
3700 256
2836 256
3640 256
3620 256
3924 256
4828 512
2020 128
3648 256
1436 128
3208 256
4280 256
3704 256
1660 128
2152 128
720 64
4560 256
4220 256
1960 128
2688 256
1432 128
2824 256
2628 256
3384 256
1808 128
4352 256
3228 256
3884 256
1916 128
3564 256
1824 128
900 64
3840 256
1616 128
4212 256
