51608 4096
25788 2048
58880 4096
24212 2048
20084 1024
26888 2048
10920 512
7160 512
5712 512
13080 1024
32668 2048
17000 1024
15908 1024
20304 1024
36908 2048
33716 2048
27632 2048
27492 2048
13096 1024
58864 4096
12644 1024
27584 2048
16408 1024
32348 2048
35724 2048
14328 1024
50732 4096
24208 2048
11024 1024
54544 4096
19460 1024
16120 1024
19480 1024
33960 2048
36248 2048
14064 1024
23728 2048
37296 2048
27380 2048
28076 2048
24324 1024
35832 2048
34004 2048
16568 1024
6712 512
8112 512
26508 2048
12420 1024
27424 2048
11540 1024
24584 2048
32012 2048
16364 1024
12556 1024
25004 2048
28296 2048
27428 2048
36544 2048
26664 2048
25716 2048
27500 2048
14700 1024
36452 2048
16668 1024
35436 2048
27440 2048
36960 2048
23440 2048
32196 2048
25540 2048
11484 1024
26784 2048
16384 1024
31716 2048
14624 1024
28500 2048
33516 2048
5376 512
17832 1024
30980 2048
32768 2048
25884 2048
12564 1024
27380 2048
8708 512
19188 1024
17632 1024
17192 1024
18480 1024
9956 512
8872 512
24940 2048
8716 512
17828 1024
2052 128
16408 1024
15884 1024
15404 1024
26800 2048
32260 2048
